Index,T (C),P (kbars),log(10) f O2,mass (gm),rho (gm/cc),wt% SiO2,wt% TiO2,wt% Al2O3,wt% Fe2O3,wt% Cr2O3,wt% FeO,wt% MnO,wt% MgO,wt% NiO,wt% CoO,wt% CaO,wt% Na2O,wt% K2O,wt% P2O5,wt% H2O,wt% CO2,wt% SO3,wt% Cl2O-1,wt% F2O-1,G (kJ),H (kJ),S (J/K),V (cc),Cp (J/K),     diopside,clinoenstatit, hedenbergite,alumino-buffo,    buffonite,     essenite,      jadeite
10,1110.00,2.000,-8.664,1.3395,3.2451,52.2537,0.2725,2.4171,1.5977,0.0000,7.3944,0.0000,17.3813,0.0000,0.0000,18.5600,0.1232,0.0000,0.0000,0.0000,0.0000,0.0000,0.0000,0.0000,-21.220,-16.989,3.059,0.413,1.586,0.426400,0.259653,0.227496,0.033432,-0.018351,0.062580,0.008791
11,1100.00,2.000,-8.795,4.2630,3.2516,52.0176,0.3113,2.5543,1.6871,0.0000,7.6310,0.0000,17.0393,0.0000,0.0000,18.6280,0.1316,0.0000,0.0000,0.0000,0.0000,0.0000,0.0000,0.0000,-67.269,-53.958,9.693,1.311,5.033,0.417590,0.255001,0.235209,0.036008,-0.018754,0.065546,0.009401
12,1090.00,2.000,-8.929,6.9292,3.2582,51.7739,0.3545,2.6959,1.7791,0.0000,7.8625,0.0000,16.6906,0.0000,0.0000,18.7029,0.1405,0.0000,0.0000,0.0000,0.0000,0.0000,0.0000,0.0000,-108.913,-87.531,15.686,2.127,8.157,0.408950,0.249996,0.242800,0.038761,-0.019073,0.068507,0.010059
13,1080.00,2.000,-9.064,9.3634,3.2649,51.5227,0.4028,2.8421,1.8734,0.0000,8.0879,0.0000,16.3361,0.0000,0.0000,18.7849,0.1501,0.0000,0.0000,0.0000,0.0000,0.0000,0.0000,0.0000,-146.598,-118.044,21.101,2.868,10.991,0.400505,0.244632,0.250234,0.041708,-0.019296,0.071450,0.010767
14,1070.00,2.000,-9.201,11.5875,3.2717,51.2639,0.4566,2.9930,1.9698,0.0000,8.3058,0.0000,15.9766,0.0000,0.0000,18.8739,0.1604,0.0000,0.0000,0.0000,0.0000,0.0000,0.0000,0.0000,-180.710,-145.795,25.995,3.542,13.562,0.392281,0.238912,0.257468,0.044866,-0.019413,0.074357,0.011529
15,1060.00,2.000,-9.340,13.6205,3.2784,50.9978,0.5163,3.1485,2.0680,0.0000,8.5150,0.0000,15.6132,0.0000,0.0000,18.9697,0.1715,0.0000,0.0000,0.0000,0.0000,0.0000,0.0000,0.0000,-211.589,-171.041,30.415,4.155,15.894,0.384302,0.232844,0.264460,0.048254,-0.019415,0.077207,0.012348
16,1050.00,2.000,-9.481,15.4791,3.2853,50.7247,0.5825,3.3086,2.1673,0.0000,8.7141,0.0000,15.2474,0.0000,0.0000,19.0719,0.1834,0.0000,0.0000,0.0000,0.0000,0.0000,0.0000,0.0000,-239.536,-194.013,34.405,4.712,18.009,0.376593,0.226442,0.271162,0.051890,-0.019293,0.079977,0.013228
17,1040.00,2.000,-9.625,17.1783,3.2921,50.4454,0.6555,3.4732,2.2671,0.0000,8.9017,0.0000,14.8809,0.0000,0.0000,19.1801,0.1960,0.0000,0.0000,0.0000,0.0000,0.0000,0.0000,0.0000,-264.820,-214.916,38.003,5.218,19.927,0.369181,0.219730,0.277527,0.055792,-0.019040,0.082640,0.014170
18,1030.00,2.000,-9.771,18.8220,3.2958,50.3040,0.6939,3.5866,2.2900,0.0000,8.9460,0.0000,14.6466,0.0000,0.0000,19.3256,0.2073,0.0000,0.0000,0.0000,0.0000,0.0000,0.0000,0.0000,-289.515,-235.501,41.449,5.711,21.788,0.370462,0.212397,0.279158,0.058683,-0.019743,0.084043,0.015000
19,1020.00,2.000,-9.919,20.2956,3.2984,50.2058,0.7227,3.6845,2.2885,0.0000,8.9461,0.0000,14.4581,0.0000,0.0000,19.4758,0.2186,0.0000,0.0000,0.0000,0.0000,0.0000,0.0000,0.0000,-311.647,-254.114,44.491,6.153,23.452,0.374141,0.205130,0.279320,0.061294,-0.020714,0.085008,0.015822
20,1010.00,2.000,-10.069,21.5995,3.3011,50.1087,0.7536,3.7830,2.2854,0.0000,8.9430,0.0000,14.2760,0.0000,0.0000,19.6198,0.2304,0.0000,0.0000,0.0000,0.0000,0.0000,0.0000,0.0000,-331.115,-270.637,47.133,6.543,24.916,0.377631,0.198091,0.279370,0.063980,-0.021639,0.085880,0.016687
21,1000.00,2.000,-10.221,22.7625,3.3037,50.0122,0.7867,3.8824,2.2810,0.0000,8.9376,0.0000,14.0996,0.0000,0.0000,19.7575,0.2429,0.0000,0.0000,0.0000,0.0000,0.0000,0.0000,0.0000,-348.375,-285.426,49.443,6.890,26.212,0.380897,0.191272,0.279342,0.066740,-0.022519,0.086669,0.017598
22,990.00,2.000,-10.376,23.8070,3.3063,49.9159,0.8220,3.9827,2.2756,0.0000,8.9307,0.0000,13.9280,0.0000,0.0000,19.8890,0.2560,0.0000,0.0000,0.0000,0.0000,0.0000,0.0000,0.0000,-363.777,-298.758,51.473,7.201,27.369,0.383915,0.184667,0.279258,0.069574,-0.023350,0.087379,0.018557
23,980.00,2.000,-10.534,24.7507,3.3089,49.8194,0.8594,4.0842,2.2694,0.0000,8.9228,0.0000,13.7605,0.0000,0.0000,20.0146,0.2698,0.0000,0.0000,0.0000,0.0000,0.0000,0.0000,0.0000,-377.598,-310.849,53.265,7.480,28.406,0.386667,0.178263,0.279138,0.072484,-0.024132,0.088014,0.019566
24,970.00,2.000,-10.694,25.6077,3.3114,49.7222,0.8991,4.1870,2.2625,0.0000,8.9144,0.0000,13.5962,0.0000,0.0000,20.1343,0.2843,0.0000,0.0000,0.0000,0.0000,0.0000,0.0000,0.0000,-390.061,-321.872,54.852,7.733,29.341,0.389137,0.172049,0.278997,0.075472,-0.024862,0.088577,0.020629
25,960.00,2.000,-10.857,26.3895,3.3140,49.6239,0.9413,4.2914,2.2551,0.0000,8.9058,0.0000,13.4347,0.0000,0.0000,20.2483,0.2996,0.0000,0.0000,0.0000,0.0000,0.0000,0.0000,0.0000,-401.345,-331.968,56.260,7.963,30.186,0.391313,0.166016,0.278848,0.078540,-0.025537,0.089072,0.021748
26,950.00,2.000,-11.022,27.1057,3.3167,49.5243,0.9859,4.3974,2.2474,0.0000,8.8975,0.0000,13.2752,0.0000,0.0000,20.3566,0.3157,0.0000,0.0000,0.0000,0.0000,0.0000,0.0000,0.0000,-411.600,-341.253,57.513,8.173,30.954,0.393183,0.160150,0.278703,0.081692,-0.026153,0.089498,0.022927
27,940.00,2.000,-11.190,27.7642,3.3193,49.4228,1.0332,4.5052,2.2396,0.0000,8.8897,0.0000,13.1172,0.0000,0.0000,20.4596,0.3327,0.0000,0.0000,0.0000,0.0000,0.0000,0.0000,0.0000,-420.950,-349.825,58.629,8.364,31.654,0.394733,0.154443,0.278572,0.084933,-0.026708,0.089858,0.024169
28,930.00,2.000,-11.361,28.3719,3.3220,49.3192,1.0832,4.6151,2.2318,0.0000,8.8827,0.0000,12.9603,0.0000,0.0000,20.5572,0.3505,0.0000,0.0000,0.0000,0.0000,0.0000,0.0000,0.0000,-429.500,-357.765,59.623,8.541,32.293,0.395952,0.148884,0.278466,0.088267,-0.027197,0.090151,0.025477
29,920.00,2.000,-11.534,28.4231,3.3239,49.2964,1.1231,4.6202,2.1976,0.0000,8.8760,0.0000,12.8622,0.0000,0.0000,20.6619,0.3626,0.0000,0.0000,0.0000,0.0000,0.0000,0.0000,0.0000,-429.674,-358.758,59.436,8.551,32.304,0.400162,0.143570,0.278330,0.089570,-0.026236,0.088243,0.026361
30,910.00,2.000,-11.711,28.2252,3.3253,49.3123,1.1583,4.5747,2.1505,0.0000,8.8687,0.0000,12.7949,0.0000,0.0000,20.7691,0.3714,0.0000,0.0000,0.0000,0.0000,0.0000,0.0000,0.0000,-426.120,-356.638,58.726,8.488,32.035,0.405768,0.138456,0.278157,0.089924,-0.024586,0.085278,0.027004
31,900.00,2.000,-11.890,28.0461,3.3267,49.3242,1.1957,4.5330,2.1042,0.0000,8.8613,0.0000,12.7287,0.0000,0.0000,20.8729,0.3801,0.0000,0.0000,0.0000,0.0000,0.0000,0.0000,0.0000,-422.860,-354.749,58.058,8.431,31.787,0.411094,0.133482,0.277977,0.090411,-0.022953,0.082348,0.027640
